# vfile = F-11_vignetting.txt

[globals]
xyzcam = 1.24198310433 -0.0833716991923 -0.177941658627 -0.417171486819 1.12636912313 0.241744559954 -0.19515604036 0.408056191465 1.0037523461
saturation = 0.01
range = 0.01
crop = 1198 331 3026 3026
white = 10000
black = 2049
fo = 13,12.83 14,13.96 16,15.75 18,17.81 20,19.20 22,20.67
fisheye = True
colorspace = rad
shutterc = -4.75e-05