[globals]
crop = 1227 341 3030 3030
shutterc = -5.757e-05
fo = 13,12.773 14,13.849 16,15.659 18,17.665 20,18.937 22,20.332
black = 2049
white = 11000
badpixels = 5216,694 3703,1214 4980,1723 4045,2367 2962,2879 2785,3136 3265,3165 3930,3282 1142,3657 3653,1247 2730,1683 3702,1214 2470,884 2729,1668
xyzcam = 0.561011 -0.040338 -0.073841 -0.319768 0.958688 0.221801 -0.070832 0.163249 0.464682
fisheye = True
