[globals]
badpixels = 5216,694 3703,1214 4980,1723 4045,2367 2962,2879 2785,3136 3265,3165 3930,3282 1142,3657 3653,1247 2730,1683 3702,1214 2470,884
hdropts = --oor-low 0
xyzcam = 0.5435901816711871 -0.03105558147379619 -0.05909149685448364 -0.25834409279032594 0.8880612529415733 0.22610698479037913 -0.05502468690877469 0.1443524159812645 0.3520254858834664
saturation = 0.01
range = 0.01
crop = 1220 323 3066 3066
white = 10000
black = 2049
nd = 3.0
fo = 13,12.76 14,13.95 16,15.77 18,17.74 20,19.16 22,20.66
fisheye = False
colorspace = rad
shutterc = -5.49e-05
premult = True