[globals]
badpixels = 5216,694 3703,1214 4980,1723 4045,2367 2962,2879 2785,3136 3265,3165 3930,3282 1142,3657 3653,1247 2730,1683 3702,1214 2470,884 2729,1668
hdropts = --oor-high 0
xyzcam = 0.6226679805387418 -0.04874403410868356 -0.07861581339996075 -0.34451239169360054 1.0434419468607805 0.2544379426588026 -0.07083263538180881 0.16777059825344592 0.5202689020229911
saturation = 0.01
range = 0.01
crop = 1220 323 3066 3066
white = 10000
black = 2049
fo = 13,12.741588 14,13.9137548 16,15.7110208 18,17.6414192 20,19.034444 22,20.507011
fisheye = False
colorspace = rad
shutterc = -5.121e-05