# vfile = F-11_vignetting.txt
# shutterc = -4.24e-05
[globals]
badpixels = 5216,694 3703,1214 4980,1723 4045,2367 2962,2879 2785,3136 3265,3165 3930,3282 1142,3657 3653,1247 2730,1683 3702,1214 2470,884
xyzcam = 0.636914806998225 -0.04091384819355006 -0.09319762859005648 -0.431898408834562 1.1546180652016873 0.2439716186656481 -0.10578530936908234 0.21575902338911124 0.514689328763374
saturation = 0.01
range = 0.01
crop = 1240 343 3026 3026
white = 10000
black = 2049
fo = 13,12.83 14,13.96 16,15.75 18,17.81 20,19.20 22,20.67
fisheye = True
colorspace = rad
shutterc = -5.121e-05