# vfile = F-11_vignetting.txt

[globals]
xyzcam = 0.636914806998225 -0.04091384819355006 -0.09319762859005648 -0.431898408834562 1.1546180652016873 0.2439716186656481 -0.10578530936908234 0.21575902338911124 0.514689328763374
saturation = 0.01
range = 0.01
crop = 1198 331 3026 3026
white = 10000
black = 2049
fo = 13,12.83 14,13.96 16,15.75 18,17.81 20,19.20 22,20.67
fisheye = True
colorspace = rad
shutterc = -5.121e-05