# vfile = F-11_vignetting.txt

[globals]
xyzcam = 0.6226679805387418 -0.04874403410868356 -0.07861581339996075 -0.34451239169360054 1.0434419468607805 0.2544379426588026 -0.07083263538180881 0.16777059825344592 0.5202689020229911
saturation = 0.01
range = 0.01
crop = 1198 331 3026 3026
white = 10000
black = 2049
fo = 13.0,12.739558 14.0,13.947819 16.0,15.778647 18.0,17.717026 20.0,19.149501 22.0,20.667885
fisheye = True
colorspace = rad
shutterc = -5.41237618e-05