[globals]
hdropts = --oor-low 0
nd = 3.0
badpixels = 5216,694 3703,1214 4980,1723 4045,2367 2962,2879 2785,3136 3265,3165 3930,3282 1142,3657 3653,1247 2730,1683 3702,1214 2470,884 2729,1668
xyzcam = 0.464207 0.013987 -0.067075 -0.268535 0.877571 0.166782 -0.066906 0.165923 0.295982
saturation = 0.05
range = 0.01
crop = 1220 323 3066 3066
white = 11000
black = 2049
fo= 13,12.784 14,13.960 16,15.769 18,17.764 20,19.205 22,20.653
fisheye = False
colorspace = rad
nlcorr = -0.00825 0.03581 -0.00858 -0.02679 0.035 -0.0077 -0.00491  0.02097 -0.00517
shutterc = -6.461e-05