# vfile = F-11_vignetting.txt

[globals]
xyzcam = 0.6226679805387418 -0.04874403410868356 -0.07861581339996075 -0.34451239169360054 1.0434419468607805 0.2544379426588026 -0.07083263538180881 0.16777059825344592 0.5202689020229911
saturation = 0.01
range = 0.01
crop = 1198 331 3026 3026
white = 10000
black = 2049
fo = 13,12.83 14,13.96 16,15.75 18,17.81 20,19.20 22,20.67
fisheye = True
colorspace = rad
shutterc = -5.121e-05