# vfile = F-11_vignetting.txt

[globals]
xyzcam = 0.6477787566865515 -0.05017069822132595 -0.0945466467102069 -0.4274342587617587 1.1578225504566046 0.24469289487585247 -0.09515776543014959 0.20184017491319967 0.5198355734927773
saturation = 0.01
range = 0.01
crop = 1198 331 3026 3026
white = 10000
black = 2049
fo = 13,12.83 14,13.96 16,15.75 18,17.81 20,19.20 22,20.67
fisheye = True
colorspace = rad
shutterc = -5.121e-05