# vfile = F-22_vignetting.txt

[globals]
badpixels = 5216,694 3703,1214 4980,1723 4045,2367 2962,2879 2785,3136 3265,3165 3930,3282 1142,3657 3653,1247 2730,1683 3702,1214 2470,884
hdropts = --oor-low 0
xyzcam = 0.5561989807632243 0.009850041123661115 -0.10743424120568772 -0.34906578985418457 1.054396747905519 0.1636486173737978 -0.08917765301851201 0.22107182203101888 0.3066635182498923
saturation = 0.01
range = 0.01
crop = 1220 323 3066 3066
white = 10000
black = 2049
nd = 3.0
fo = 13,12.83 14,13.96 16,15.75 18,17.81 20,19.20 22,20.67
fisheye = False
colorspace = rad
shutterc = -5.121e-05
premult = True