[globals]
badpixels = 5216,694 3703,1214 4980,1723 4045,2367 2962,2879 2785,3136 3265,3165 3930,3282 1142,3657 3653,1247 2730,1683 3702,1214 2470,884 2729,1668
hdropts = --oor-high 0
xyzcam = 0.6477787566865515 -0.05017069822132595 -0.0945466467102069 -0.4274342587617587 1.1578225504566046 0.24469289487585247 -0.09515776543014959 0.20184017491319967 0.5198355734927773
saturation = 0.01
range = 0.01
crop = 1198 331 3066 3066
white = 10000
black = 2049
fo = 13,12.741588 14,13.9137548 16,15.7110208 18,17.6414192 20,19.034444 22,20.507011
fisheye = False
colorspace = rad
shutterc = -5.121e-05