[globals]
badpixels = 5216,694 3703,1214 4980,1723 4045,2367 2962,2879 2785,3136 3265,3165 3930,3282 1142,3657 3653,1247 2730,1683 3702,1214 2470,884 2729,1668
xyzcam = 0.6082951010643864 -0.014250842469268199 -0.09048408527667108 -0.4401387385703514 1.1652312279748602 0.23610792173857748 -0.11808564208387252 0.23878173520465018 0.5022246171846624
saturation = 0.01
range = 0.01
crop = 1240 343 3026 3026
white = 10000
black = 2049
fo = 13,12.741588 14,13.9137548 16,15.7110208 18,17.6414192 20,19.034444 22,20.507011
fisheye = True
colorspace = rad
shutterc = -5.121e-05