[globals]
badpixels = 5216,694 3703,1214 4980,1723 4045,2367 2962,2879 2785,3136 3265,3165 3930,3282 1142,3657 3653,1247 2730,1683 3702,1214 2470,884
hdropts = --oor-low 0
xyzcam = 0.5432265801487114 -0.030990029909103763 -0.05914596975785976 -0.2580930619017639 0.88739131728552 0.2258058759290936 -0.054902526897317436 0.1441870500437984 0.35168123735373996
saturation = 0.01
range = 0.01
crop = 1220 323 3066 3066
white = 10000
black = 2049
nd = 3.0
fo = 13.0,12.739558 14.0,13.947819 16.0,15.778647 18.0,17.717026 20.0,19.149501 22.0,20.667885
fisheye = False
colorspace = rad
shutterc = -5.41237618e-05
premult = True