[globals]
badpixels = 5216,694 3703,1214 4980,1723 4045,2367 2962,2879 2785,3136 3265,3165 3930,3282 1142,3657 3653,1247 2730,1683 3702,1214 2470,884 2729,1668
hdropts = --oor-high 0
xyzcam = 0.6192066622630209 -0.04904268092148716 -0.07839868946718571 -0.34176261023943744 1.0358368942234413 0.25240439571036893 -0.07018864344152125 0.1662355050439956 0.5168131558282579
saturation = 0.01
range = 0.01
crop = 1220 323 3066 3066
white = 10000
black = 2049
fo = 13,12.76 14,13.95 16,15.77 18,17.74 20,19.16 22,20.66
fisheye = False
colorspace = rad
shutterc = -5.49e-05