# vfile = F-22_vignetting.txt

[globals]
badpixels = 5216,694 3703,1214 4980,1723 4045,2367 2962,2879 2785,3136 3265,3165 3930,3282 1142,3657 3653,1247 2730,1683 3702,1214 2470,884
hdropts = --oor-low 0
xyzcam = 1.1047296588187496 -0.06736164644241772 -0.10896766780561244 -0.3426794581393581 0.9739609630087289 0.24404135822327952 -0.16523370592022046 0.3394649210339663 0.7169989623375885
saturation = 0.01
range = 0.01
crop = 1240 343 3026 3026
white = 10000
black = 2049
nd = 3.0
fo = 13,12.83 14,13.96 16,15.75 18,17.81 20,19.20 22,20.67
fisheye = True
colorspace = rad
shutterc = -4.75e-05
cscale = 0.782069373 0.834639664 0.791855159