# vfile = F-22_vignetting.txt

[globals]
badpixels = 5216,694 3703,1214 4980,1723 4045,2367 2962,2879 2785,3136 3265,3165 3930,3282 1142,3657 3653,1247 2730,1683 3702,1214 2470,884
hdropts = --oor-low 0
xyzcam = 0.552364829 -0.033680823 -0.054483834 -0.342679458 0.973960963 0.244041358 -0.082616853 0.169732461 0.358499481
saturation = 0.01
range = 0.01
crop = 1240 343 3026 3026
white = 10000
black = 2049
nd = 3.0
fo = 13,12.83 14,13.96 16,15.75 18,17.81 20,19.20 22,20.67
fisheye = True
colorspace = rad
shutterc = -5.121e-05
cscale = 0.782069373 0.834639664 0.791855159