[globals]
badpixels = 5216,694 3703,1214 4980,1723 4045,2367 2962,2879 2785,3136 3265,3165 3930,3282 1142,3657 3653,1247 2730,1683
xyzcam = 1.24198310433 -0.0833716991923 -0.177941658627 -0.417171486819 1.12636912313 0.241744559954 -0.19515604036 0.408056191465 1.0037523461
saturation = 0.01
range = 0.01
crop = 1233 330 3010 3010
white = 10000
black = 2049
fo = 13,12.83 14,13.96 16,15.75 18,17.81 20,19.20 22,20.67
fisheye = True
colorspace = rad