[globals]
xyzcam = 0.5174307745301897 -0.053337050499394995 -0.0804093504068099 -0.32987352280890075 0.8573074637881797 0.15900980543855228 -0.07221401120192052 0.1231748117437181 0.35361325603755944
saturation = 0.01
range = 0.01
crop = 242 987 3440 3440
white = 12735
black = 511
colorspace = srgb
shutterc = -4.32601309e-05